800 16 16 5 5 2 6 2 1
10 9 2 0
3 5 4 0
3 6 4 0
2 5 4 1
2 12 4 0
8 5 4 0
6 7 4 0
7 6 4 1
7 9 6 0
12 12 7 0
9 7 9 0
11 8 9 0
12 8 9 0
12 9 9 1
15 7 9 0
14 7 11 0
6 3 12 0
3 14 14 0
1 13 14 0
3 12 14 0
1 14 14 0
2 13 14 1
0 10 15 0
13 13 15 0
14 13 15 0
13 12 15 1
0 11 17 0
1 11 18 0
10 5 19 0
9 10 20 0
8 10 20 0
8 9 20 1
9 9 20 1
6 6 20 0
15 7 21 0
8 10 22 0
2 5 24 0
3 5 24 0
3 6 24 1
1 15 26 0
0 4 26 0
13 8 27 0
7 15 27 0
14 4 28 0
11 14 28 0
10 12 28 0
11 13 28 1
15 10 28 0
7 13 29 0
7 13 29 0
9 12 29 0
8 13 29 1
9 7 29 0
7 6 31 0
7 6 31 0
9 6 31 0
7 8 31 0
8 7 31 1
1 5 33 0
3 5 33 0
3 5 33 0
2 5 33 1
2 6 33 1
8 10 33 0
4 10 34 0
5 8 36 0
15 2 38 0
14 7 39 0
14 8 39 0
14 7 39 0
12 8 39 0
13 8 39 1
6 15 41 0
7 12 41 0
8 3 43 0
11 6 43 0
12 5 43 0
12 6 43 1
13 9 44 0
5 3 46 0
6 2 46 0
5 3 46 0
7 4 46 0
6 3 46 1
8 14 46 0
9 9 48 0
6 5 50 0
1 1 51 0
6 8 51 0
12 10 53 0
10 12 53 0
12 10 53 0
10 11 53 0
11 11 53 1
4 5 54 0
6 3 55 0
5 4 55 0
6 4 55 1
14 9 55 0
14 7 55 0
9 6 55 0
12 7 55 0
10 1 55 0
11 6 55 0
11 5 55 0
10 6 55 1
13 1 57 0
14 11 59 0
13 14 61 0
1 8 61 0
1 8 61 0
2 7 61 1
3 13 63 0
3 12 63 0
3 14 63 0
4 13 63 1
2 9 0 0
3 9 0 0
3 10 0 1
13 8 0 0
12 3 1 0
10 7 2 0
10 8 2 1
12 8 2 0
11 8 2 1
15 0 3 0
11 4 3 0
11 6 3 0
12 5 3 1
4 5 4 0
13 4 5 0
12 14 5 0
3 6 6 0
12 1 7 0
10 14 8 0
5 5 10 0
11 7 10 0
7 1 12 0
7 1 12 0
5 2 12 0
6 2 12 1
9 14 12 0
13 6 13 0
12 8 13 0
11 6 13 0
12 8 13 0
12 7 13 1
5 9 14 0
4 10 14 0
4 8 14 0
3 10 14 0
4 9 14 1
4 3 15 0
4 13 17 0
3 11 17 0
3 13 17 0
4 12 17 1
14 4 19 0
1 14 19 0
11 2 19 0
13 2 19 0
13 4 19 0
12 3 19 1
5 10 21 0
5 12 21 0
6 11 21 1
4 11 21 1
5 11 21 1
6 13 21 0
7 1 22 0
11 8 23 0
5 5 25 0
1 15 27 0
5 6 29 0
4 5 29 0
6 4 29 0
6 4 29 0
5 5 29 1
13 4 31 0
12 3 31 0
12 4 31 1
6 15 32 0
15 1 33 0
4 9 35 0
6 9 35 0
5 9 35 1
5 11 37 0
7 5 37 0
6 5 37 0
6 7 37 0
7 6 37 1
1 6 39 0
8 12 41 0
4 14 42 0
7 3 43 0
7 3 43 0
5 2 43 0
5 2 43 0
6 2 43 1
11 5 44 0
8 4 46 0
6 2 46 1
6 2 46 1
6 3 46 1
7 3 46 1
15 7 46 0
12 7 48 0
10 7 48 0
12 7 48 0
12 7 48 0
11 7 48 1
1 2 48 0
7 4 48 0
5 5 48 0
6 4 48 1
6 5 48 1
0 4 50 0
10 3 52 0
6 7 52 0
5 7 52 0
6 8 52 1
8 5 54 0
9 4 54 0
8 4 54 1
8 3 55 0
6 4 55 0
6 4 55 0
7 4 55 1
7 3 55 1
4 11 57 0
15 6 58 0
12 6 60 0
7 4 60 0
7 4 60 0
7 4 60 0
6 3 60 1
3 13 60 0
7 7 60 0
11 12 61 0
12 12 61 0
12 11 61 1
3 12 63 0
3 13 63 1
1 11 63 0
2 12 63 1
15 12 1 0
11 11 3 0
5 4 5 0
2 12 5 0
13 9 5 0
5 9 7 0
4 1 7 0
15 7 7 0
10 10 9 0
10 11 9 0
10 10 9 0
9 11 9 1
12 3 11 0
14 3 11 0
12 4 11 0
13 4 11 1
6 10 13 0
6 9 13 0
7 11 13 0
7 10 13 1
12 10 14 0
10 9 14 0
12 9 14 1
12 11 14 0
11 10 14 1
7 3 16 0
7 3 16 0
8 3 16 1
8 1 16 0
7 2 16 1
1 6 18 0
10 0 19 0
7 1 21 0
10 9 22 0
10 8 22 0
11 9 22 1
8 3 22 0
7 14 24 0
6 12 26 0
7 0 26 0
10 10 28 0
6 4 29 0
14 6 30 0
7 14 31 0
3 10 32 0
3 10 32 0
4 11 32 1
2 10 32 1
3 11 32 1
10 9 34 0
12 9 34 0
11 9 34 1
12 10 34 1
11 10 34 1
7 8 36 0
10 4 38 0
2 5 39 0
4 3 39 0
2 5 39 0
3 4 39 1
6 8 39 0
13 7 40 0
14 6 40 0
13 6 40 1
13 6 42 0
4 4 43 0
2 1 44 0
11 7 44 0
11 8 44 0
13 9 44 0
12 8 44 1
7 13 45 0
7 10 45 0
8 8 46 0
9 9 46 0
9 8 46 1
12 12 46 0
0 9 47 0
5 1 49 0
4 3 49 0
4 2 49 1
6 6 49 0
8 5 49 0
9 6 49 0
10 6 49 0
9 5 49 1
1 14 50 0
3 13 50 0
1 14 50 0
2 13 50 1
6 10 50 0
6 9 50 0
5 8 50 0
5 9 50 1
2 4 52 0
4 3 52 0
3 3 52 1
12 14 54 0
10 12 54 0
0 5 56 0
4 1 56 0
4 2 56 0
5 1 56 1
5 2 56 1
7 2 57 0
4 13 59 0
4 14 59 0
3 13 59 1
3 7 59 0
2 5 59 0
2 6 59 1
0 2 61 0
10 11 61 0
11 10 61 0
11 12 61 0
11 11 61 1
7 6 61 0
5 7 61 0
6 8 61 0
7 8 61 0
6 7 61 1
14 5 61 0
15 9 61 0
10 2 62 0
12 4 62 0
10 3 62 0
10 2 62 0
11 3 62 1
6 11 62 0
6 13 62 0
6 13 62 0
6 13 62 0
5 12 62 1
9 12 63 0
3 15 1 0
8 7 3 0
8 5 3 0
9 5 3 0
9 6 3 1
9 6 5 0
13 1 7 0
6 3 8 0
6 4 8 0
6 4 8 0
7 3 8 1
7 0 10 0
11 10 10 0
11 5 11 0
13 6 11 0
12 6 11 1
3 1 13 0
5 1 13 0
5 2 13 0
3 2 13 0
4 2 13 1
4 12 13 0
6 2 13 1
10 13 13 0
10 11 13 0
11 13 13 0
11 12 13 1
8 1 14 0
4 13 14 0
8 8 15 0
9 8 15 0
9 9 15 1
8 9 15 1
4 14 17 0
2 6 18 0
11 2 19 0
6 12 20 0
4 13 20 0
4 13 20 0
5 13 20 1
9 11 22 0
11 12 22 0
10 11 22 1
10 12 22 1
8 4 23 0
10 5 23 0
8 5 23 0
9 5 23 1
6 10 24 0
5 9 24 0
5 10 24 1
3 14 25 0
2 9 27 0
2 9 27 0
1 7 27 0
2 8 27 1
1 13 28 0
5 1 29 0
9 15 31 0
6 9 33 0
7 9 33 1
7 8 33 1
7 5 35 0
6 4 35 0
6 5 35 1
12 15 36 0
4 9 38 0
4 10 38 0
4 10 38 0
5 10 38 1
3 15 38 0
9 12 39 0
10 12 39 0
9 15 41 0
7 7 42 0
6 8 42 0
6 8 42 0
7 9 42 1
7 8 42 1
9 2 43 0
8 5 45 0
11 7 46 0
11 5 46 0
12 5 46 0
10 6 46 1
11 6 46 1
12 12 47 0
11 12 47 0
10 10 47 0
11 10 47 0
11 11 47 1
10 13 47 0
10 11 47 1
9 12 47 1
10 3 47 0
10 3 47 0
11 5 47 0
10 4 47 1
3 4 49 0
2 4 49 0
2 4 49 0
2 3 49 1
9 4 51 0
10 4 51 0
11 4 51 0
11 3 51 1
10 3 51 1
6 12 53 0
8 12 53 0
7 11 53 1
6 12 55 0
7 11 55 0
7 11 55 0
7 12 55 1
10 7 56 0
3 4 56 0
5 5 56 0
3 5 56 0
5 6 56 0
4 5 56 1
3 5 56 1
8 7 57 0
8 7 57 0
9 6 57 1
11 3 59 0
12 4 59 0
12 4 59 0
11 4 59 1
8 14 60 0
4 7 61 0
13 8 61 0
14 7 61 0
13 7 61 1
7 9 63 0
8 10 63 0
6 10 63 0
6 11 63 0
7 10 63 1
3 2 1 0
13 10 1 0
11 11 1 0
12 10 1 1
12 7 1 0
13 7 1 0
14 6 1 0
12 5 1 0
13 6 1 1
9 13 2 0
13 10 3 0
12 14 4 0
13 12 4 0
14 12 4 0
14 13 4 1
13 13 4 1
14 7 6 0
4 15 6 0
14 5 7 0
13 5 7 0
14 5 7 0
12 7 7 0
13 6 7 1
12 6 7 1
2 7 8 0
2 7 8 0
2 6 8 1
4 7 8 0
3 7 8 1
7 10 10 0
11 9 11 0
10 9 11 0
11 8 11 1
4 11 12 0
4 9 13 0
4 10 13 0
4 8 13 0
6 10 13 0
5 9 13 1
4 4 15 0
10 11 16 0
9 11 16 0
10 11 16 0
9 10 16 1
12 10 16 0
13 9 16 0
11 9 16 0
11 9 16 0
12 9 16 1
7 13 18 0
9 12 18 0
8 13 18 1
3 14 18 0
4 12 18 0
4 14 18 0
4 13 18 1
15 12 18 0
14 9 18 0
11 10 18 0
9 8 18 0
10 9 18 1
0 2 19 0
11 4 19 0
12 6 19 0
11 4 19 0
12 5 19 1
13 13 19 0
14 11 19 0
13 12 19 1
3 5 21 0
3 7 21 0
1 6 21 0
3 5 21 0
2 6 21 1
4 7 23 0
2 7 23 0
3 7 23 1
1 10 25 0
1 9 25 0
1 11 25 0
2 10 25 1
6 5 25 0
5 10 26 0
6 8 26 0
4 8 26 0
5 10 26 0
5 9 26 1
8 13 28 0
9 14 28 0
9 13 28 1
15 14 30 0
3 0 31 0
12 2 31 0
13 2 31 0
12 3 31 1
12 4 33 0
11 2 34 0
9 3 34 0
10 2 34 1
13 11 36 0
14 13 36 0
12 13 36 0
12 13 36 0
13 12 36 1
9 7 37 0
9 7 37 0
11 6 37 0
11 6 37 0
10 7 37 1
14 14 38 0
5 11 40 0
5 13 40 0
4 11 40 0
4 11 40 0
5 12 40 1
0 11 40 0
9 9 41 0
10 7 41 0
9 8 41 1
5 15 42 0
4 4 42 0
4 5 42 0
4 6 42 0
3 5 42 1
13 9 43 0
3 6 43 0
15 3 43 0
7 6 43 0
7 6 44 0
5 8 44 0
6 7 44 1
10 3 44 0
11 1 44 0
10 1 44 0
11 3 44 0
10 2 44 1
11 9 45 0
12 10 45 0
13 10 45 0
11 9 45 0
12 9 45 1
11 7 47 0
12 9 48 0
11 9 48 0
13 8 48 0
13 7 48 0
12 8 48 1
5 3 49 0
5 12 51 0
5 10 51 0
5 10 51 0
6 12 51 0
5 11 51 1
8 6 52 0
7 4 52 0
7 4 52 0
8 5 52 1
10 7 53 0
10 12 55 0
2 6 57 0
4 14 57 0
9 9 57 0
15 4 57 0
4 4 58 0
4 4 58 0
4 2 58 0
2 3 58 0
3 3 58 1
3 11 60 0
1 10 60 0
2 10 60 1
9 2 62 0
7 3 62 0
9 4 62 0
8 3 62 1
11 5 63 0
12 5 63 0
12 7 63 0
12 7 63 0
11 6 63 1
6 4 63 0
11 12 0 0
13 12 0 0
12 12 0 1
12 11 0 1
13 4 2 0
11 4 2 0
12 3 2 1
6 12 2 0
8 12 2 0
6 13 2 0
7 13 2 1
4 9 2 0
4 9 2 0
3 7 2 0
4 8 2 1
12 11 2 0
11 10 2 0
11 12 2 0
11 11 2 1
2 1 3 0
12 11 4 0
13 12 4 1
12 13 4 1
12 12 4 1
1 3 6 0
13 4 8 0
15 12 10 0
11 11 11 0
13 11 11 0
13 10 11 0
12 11 11 1
11 6 12 0
2 7 14 0
4 13 16 0
14 6 16 0
14 1 17 0
6 9 17 0
1 4 18 0
12 2 18 0
5 12 19 0
7 12 19 0
7 11 19 0
6 12 19 1
9 7 21 0
11 8 21 0
9 9 21 0
10 8 21 1
14 6 21 0
14 6 21 0
12 8 21 0
12 8 21 0
13 7 21 1
12 6 21 0
10 4 21 0
10 6 21 0
10 4 21 0
11 5 21 1
12 4 22 0
11 5 22 1
11 4 22 1
4 11 22 0
9 0 24 0
9 0 26 0
12 1 27 0
13 8 27 0
1 13 29 0
0 14 30 0
12 6 30 0
12 4 30 0
13 4 30 0
12 5 30 1
13 6 30 1
12 8 30 0
13 7 30 1
13 6 32 0
0 10 33 0
5 2 35 0
6 4 35 0
6 3 35 1
5 3 35 1
4 6 36 0
4 8 36 0
4 8 36 0
4 7 36 1
9 8 37 0
6 10 38 0
4 9 38 0
6 8 38 0
6 9 38 1
5 9 38 1
1 7 39 0
12 3 39 0
14 2 39 0
13 2 39 1
4 1 41 0
13 1 42 0
12 7 42 0
12 8 42 0
10 8 42 0
10 8 42 0
11 7 42 1
2 10 42 0
